100
20
33.83
4 1 16 67 95
7 6 57 73 74 89 94 100
8 11 14 28 52 58 75 85 90
3 5 23 29
2 21 22
5 3 49 84 92 98
4 12 31 65 93
3 13 20 36
6 2 24 41 46 80 86
4 18 42 63 68
5 19 26 51 62 71
5 40 44 56 79 82
6 8 48 53 61 72 99
10 9 15 25 30 34 35 60 64 66 77
4 4 17 54 59
3 32 69 76
10 7 37 38 39 43 45 50 81 83 87
3 33 88 97
7 10 27 47 55 70 78 91
1 96
0 5.035219845324114 5.702994220506261 4.527167682341516 2.9604450129545765 7.1248234851024685 3.750975392052765 8.2381476775646 8.504073217812278 5.900587507383835 7.093045277961166 7.146579122377174 2.728330912456091 5.604154442476931 9.004924786196554 0.5478160870609008 4.622954743844989 3.3866755921024434 5.042367113545201 2.5688027420559227 5.6731927813798535 7.268719506420093 2.340389330877776 5.475939460790858 8.245460547719084 5.264696833298158 7.268009348431954 7.548803418457379 1.556591146953351 10.25729524693205 7.253013961699199 1.0089785968645146 4.032287663416359 9.803600420204106 8.543662751141888 2.643715987521499 2.1533653568364843 4.1145008084661585 4.55207345666906 1.789165880608069 4.930502927000526 3.815332221450787 2.7222958199481715 3.5098455229125447 3.1740493463032795 4.372327084301142 6.102509486068191 9.080994539166472 5.447731070542894 2.332811151764816 4.957459861611276 6.716453688039371 8.432103848482312 4.788959588017103 6.677330529025953 2.4961366425207863 6.673897656641795 6.058417902529414 4.063816031461457 10.238775018112095 8.975986755158708 5.097706353231581 2.5626424873189144 8.64007720696305 8.76529375147833 7.497864026817893 0.17662357965225944 3.916127362566803 1.8556970029540216 7.329373608085842 4.704922900568756 8.624695231660535 7.349054457105019 5.280411989500252 7.237796623783222 0.7813897503993958 8.20647724559557 5.736038770965905 3.020630404536549 4.912557041050677 3.845665007665816 3.047690914059999 2.9545439171034418 5.588834857430253 5.9828567863170665 4.538211608626473 4.351083545837471 2.6664920905151663 6.768738731358244 7.207972412833924 6.26626948144027 5.796393980550736 7.137118641476422 6.768604610319297 0.42022032454603075 4.899853848297968 3.411067071974396 5.8627031981471935 9.066392919329198 7.012548152397991
5.035219845324114 0 5.910132125578586 4.618130566486836 7.042527686997552 9.430517695300752 6.132142032727523 4.733142624172648 7.211939514695944 5.066053213866596 8.026623564167013 2.4163509092237896 4.275766480548666 7.542689577529204 7.72334347937703 5.48507229149503 4.933838418711643 2.7367243467605813 5.338782972060197 3.184397507974349 2.2841030565781617 3.622789480671063 6.907316625298306 1.1028167661124 6.8205010368802625 5.643849574850933 5.70494670085789 7.732548355778428 5.759106223158492 9.260469417564078 2.350630131221642 4.067387744323832 1.184285596921144 9.148380904307476 7.836721533667586 3.7483265170123214 5.18376414259988 6.487810225510481 6.635593120963907 4.400798432353342 0.24150008462406902 2.284137889328071 6.227652946163912 3.4805995724137 6.079061112722667 0.7620865471579045 5.026324183323734 5.232490645211722 6.475769134015421 5.458137685909093 5.527204674657031 8.37153654769543 5.660243989326702 4.83401538580872 5.296108488963592 4.322890675500158 9.344718181158902 7.803703635067005 4.403060661591095 8.99907657685685 5.339706786520647 5.902007219729794 2.7933516230621747 7.088219080756815 4.293302189670539 7.154146190548581 4.926980025267307 1.7159139211202319 3.2974947773735854 5.051828431850165 5.4460842545989685 5.524048130483109 9.648670252968513 8.832803751127527 8.385438014047693 4.370646103210396 8.184328988320406 4.603897835847767 4.181986156122527 0.5075244381107519 6.225051732513461 3.3579481191580545 6.361607981190641 5.4340621775312465 7.122943837453002 0.5615815869126747 6.2846110806806985 2.3857816051273284 9.291532123140833 7.895882755959165 4.685498038197966 6.673485479257922 2.8319989619953443 9.870850428073163 5.278907875348659 3.4935178910603017 1.9475326888313376 5.529424613564241 6.071236570491106 10.093230571761957
5.702994220506261 5.910132125578586 0 1.4200325055061176 4.6732381245244525 3.9736872271625283 2.5682627152860347 4.8449313355844925 2.9923413560900056 1.2235369582554847 2.1234322547649076 6.089709948620802 7.590808516935389 2.3225346633556856 3.4328407120837707 6.1838811367451765 1.175674143287901 3.5571864433545675 0.6998781035761958 6.6100465297306235 4.148156252610748 4.592375528935826 5.344434728227275 5.200406462027193 2.849864735200684 0.4383133270307254 2.2978738662937648 1.9816299460604783 4.7014876264954815 4.563397239655201 6.526410334879294 5.636782134846921 6.038586153736568 4.102927599747972 2.8497863105708805 7.163727381805051 3.6699195877052433 2.519227514088009 2.1844657332298176 3.93380819784365 6.05275210593078 3.7730470058308105 3.8587133886915512 2.815442939732732 3.184353188543178 5.302673289608242 1.4779339660446345 5.780642285387904 0.980319314736517 3.62523683331373 0.7484354301584215 2.6901174644262675 4.126341108184096 1.1447382391551513 1.8811050929581252 3.2427975746987565 4.190299868660088 2.3170628069967765 1.8327972305780589 4.583558094064492 5.440472337292399 0.7549237930872581 4.317616600481591 3.2477293288962374 6.519470903888024 1.7949896613732585 5.532611919301608 4.348925778636522 4.729130253575299 3.044586796493257 1.006593969378354 4.595248248287494 4.152399333262934 4.7721343578877 2.50320938532742 5.101930086043634 2.5857485943419425 1.6276620131527542 2.785872438038311 5.412787986949977 2.5494474429229763 3.2521577281371066 3.737901032074918 0.5233655445702818 1.4112935870191747 5.92131272445785 2.016624812109174 5.035228599412651 4.025211170239404 1.9899825308543093 2.051101130708843 0.9321942083962701 5.407117801884364 4.991880715223345 5.485906650309129 2.4508444829317937 6.189280720439305 0.6293926770429615 4.768436210042346 5.145076807428036
4.527167682341516 4.618130566486836 1.4200325055061176 0 4.175248735386072 4.893630400428312 2.2553519283232943 4.621689092835429 3.9770550504297932 1.3991406858774826 3.450264200875932 5.176672063953311 6.213041799231379 3.031308894108218 4.480770925052101 5.042657026011861 0.318320164308272 2.1427618639802155 0.7486834558398711 5.204635501002421 3.1601052077645284 4.055031456527247 4.654945626087444 4.037051082526257 3.723166661135902 1.060228764152837 2.8064680079307704 3.3983051889971363 3.7905608541987528 5.787346220632119 5.563356677352956 4.326223523815818 4.647652844403 5.4038234542656545 4.090026541130856 5.770632878416203 2.712558329897053 2.4343475956062273 2.3487156140154317 2.7395938612551767 4.739171769450189 2.399762147260048 3.247244998809544 1.3958786989318053 2.6661074092207175 3.9642818426259967 1.6373333818740776 5.575401833983699 1.8598721746145261 2.767916789046677 0.9090752039005175 3.7623149667267692 4.302047466970729 0.2862878872633925 2.2257402373722366 2.033395392007812 4.9259817566895165 3.2253057018827818 0.4670427597227514 5.731701814494207 5.315148980586448 1.2862789276891322 2.904921737267338 4.120866897284572 5.974176715905565 3.1024457387623285 4.351569107644516 2.985990424022307 3.355908028324909 3.133168250368526 0.8578364695064028 4.652237507703553 5.101414462771926 4.970052291482671 3.7856982200513696 3.8558650958664678 3.984268159945883 1.374945938902056 1.5092940670317105 4.1367933160745896 2.297000265301043 1.8440573802184275 3.2073238511206292 1.1128768564532576 2.5048293115994036 4.573452233084223 2.0243495576571715 3.6163923323238456 4.824123349818831 3.372913210019726 1.9715125164053362 2.0610696686361822 4.624651025721627 5.597866009424316 4.373527488345362 1.3876045433350284 4.77202424260639 1.361650349703342 4.971083122806093 5.79159115489184
2.9604450129545765 7.042527686997552 4.6732381245244525 4.175248735386072 0 4.487878049420014 2.10497652416344 8.748468046351825 7.6561511803303395 5.459524501905184 5.2019969455107775 8.621859416246261 5.688695447588006 3.4310636229254183 8.068765735870745 3.0596733272903665 4.056657519696004 4.52170303073145 4.249809131887204 5.386131624212544 6.737371603602488 8.037877404380984 0.9075128152077607 7.068426171920492 7.522454331544189 4.3062954554417505 6.838327680236716 6.012582768665891 1.4646642978859354 8.993840179478903 8.87476816553617 3.7521859794516232 6.335909463429406 8.400659509845921 7.347532855757588 5.5729426971865985 1.8894829842649847 2.2207028135056213 2.6641820533654124 2.6423390639641386 7.021869361451316 5.061094719740779 0.947781634963639 4.076405310346118 1.5263028279664292 6.285583492024777 5.733295730272919 9.691468759119475 3.9585221729819344 1.648945474456029 4.017234278472055 4.472718077913237 8.469210242356015 4.307945329631988 6.30146428653622 2.8443044952480063 3.9202429188976975 3.8950427510946666 3.8676234899823188 9.115147927318244 9.460991129420718 3.9197006728590718 4.251998947998637 7.920935887265732 9.856566369522449 6.287056691050529 2.9044059101866857 5.466324112146224 3.8757913838109235 7.301278893153946 3.779631394040301 8.827392618529066 4.694471619356378 2.3325182229469412 5.194391302937052 3.087668432562531 6.670541848298185 5.5421208736559056 3.224198425311323 6.742947792475753 2.128548293076758 3.8969730229489032 0.9703485704914098 4.843777172604577 4.232973864736137 6.674269222640952 2.696766257058708 4.795763921285046 4.069143822866207 5.440258986955504 6.139401405472748 4.282618739982177 8.321911262434643 3.867070063962402 2.540598467299731 5.272728741234789 5.913695870180687 5.122098393941818 9.138404593524259 4.107985935967365
7.1248234851024685 9.430517695300752 3.9736872271625283 4.893630400428312 4.487878049420014 0 3.572659388236569 8.738854781142237 5.809894341559327 5.191452876326598 2.3887957396966897 10.007329151241434 9.71363906274071 1.8878336827243616 5.960963876471453 7.38345911257674 4.578145453455201 6.7397526336145654 4.276641325654718 9.06860843471603 8.014325139710955 8.564428732034479 5.391990046244306 8.928521633541903 5.925674803125244 4.024799238695059 5.953919635549162 3.5172650731790136 5.597360807948817 6.142213912335067 10.421067138658843 7.606415855028106 9.223329394704617 5.424795680004926 4.99057741038473 9.450268180686624 5.129463234838173 3.1708203237851484 2.8709983697945094 5.891362822268638 9.520030802648552 7.14848170408755 4.406366088675588 5.9624569895617086 4.000129475577445 8.721651606003546 5.429052927351807 9.643324526095576 3.095134583671431 4.876667658756525 4.022877101799293 1.3432719407236091 7.817749882604945 4.744661403171017 5.7190238935700455 5.496744140169651 0.7269696257400786 1.6836403517881862 5.034976484854716 6.471484304131739 9.269163089926346 3.6394677841261234 7.116301482001526 6.214673210037955 10.485591035614185 4.293046588178242 7.009940874728905 7.728563645228729 7.167558026711044 6.877671157812558 4.036154347663714 8.343527230812226 0.2299661453448397 2.6227948641722842 2.0189656653119594 6.90976239881422 3.9069686497977787 5.598633141964684 5.389948893724522 8.973801201873616 3.467125871874641 6.1849035628607 4.173685244361188 4.486798214075209 2.5631030686235317 9.293697865582017 3.2042362652693983 7.857339748287561 0.4724497803883483 2.759047716904124 6.006912532096119 3.042228972283568 9.363669926996772 1.538668257507748 6.740701734923701 6.241988648371515 9.115222968868654 4.585119881012832 8.389763518112881 1.5418420254220275
3.750975392052765 6.132142032727523 2.5682627152860347 2.2553519283232943 2.10497652416344 3.572659388236569 0 6.873126317637799 5.553372806024086 3.413513955418265 3.389656736316087 7.222860858582717 6.192808600234179 1.867609310815611 5.973225879709291 4.11982130452179 2.0647977262807693 3.3970812214258954 2.177588504857528 5.498617098540663 5.225301817318678 6.293836402750486 2.8132295591475307 5.852352669345968 5.417655173294508 2.2073595848344545 4.7617787685241595 4.028014483832747 2.39454191540723 6.958557982256946 7.555446457381407 4.081037859992434 5.753150943308288 6.3994331261556825 5.283665047850537 5.898795923602013 1.620783650686607 0.40184398629037027 0.8012365707391609 2.32560521477659 6.181614293002567 3.8851966358056864 1.34005196573826 2.702659776825269 0.6651795309669634 5.384103008744903 3.6940582479957116 7.82792020963816 1.906946872580405 1.4182556874246774 1.9277653861356685 2.9731617349623427 6.456727389060839 2.3208943762958603 4.244260521200747 1.9449372060486174 3.3072848682031775 2.311633299426203 2.0814366014866112 7.0507667756280625 7.558419339623038 1.8149479256391232 3.596969481936199 5.815973285405947 8.194390338037092 4.214861641013746 3.6092593823628873 4.421300705299157 3.5964599525034933 5.298303116263408 1.7036775259048595 6.851117798855467 3.802609853417167 2.7989911990539267 3.4980785412126165 3.4011231885943225 4.696053576398661 3.5597757830852728 1.951606070059784 5.726729262660264 0.10553427268685729 2.7771289417710605 1.185523895770177 2.759153711809022 2.3095810867496582 5.906472658608201 0.6492015855677724 4.320589458194354 3.3137611715121342 3.554797318132553 4.148317165227494 2.249940097337022 6.7704668349971815 3.744965238381576 3.4212719525523805 3.5477084177517506 5.57547672058101 3.0318630881459536 7.123054728350778 3.97232672529643
8.2381476775646 4.733142624172648 4.8449313355844925 4.621689092835429 8.748468046351825 8.738854781142237 6.873126317637799 0 3.8301155047410425 3.642093883378691 6.508900339926838 2.898048975380997 8.655655457847786 7.166668205018098 4.1718517940845325 8.78389309760511 4.8155345334249695 4.851923684783824 4.826177683086257 7.473730107615726 2.7248165912347475 1.1178092032284 9.105035771880656 3.641152684419924 3.4669902514971565 4.9541613517835685 2.862066543174175 5.611759937275878 8.079267885885445 5.583889764584834 3.362033086647956 7.573524071096921 5.7265648612562545 5.7869271459445155 4.801432628102702 8.111348079192227 7.06109591353199 7.015525808907002 6.834119719891498 6.710269362722887 4.974504766205636 4.4608073863833555 7.803260731284807 4.866606208268551 7.2707838118902846 4.762639394178486 3.371581503361548 0.9558099565846255 5.818262514340999 7.204426420458805 5.115354409413004 7.402863999829928 1.360578678309235 4.561702254174228 3.019846795516606 6.139831293720635 9.023939423051203 7.138964837981656 4.882683647529777 5.172948723030586 0.7392482084322217 5.4197119240734395 5.738008114976784 3.4916564809955766 1.9919101625030131 4.768091929910628 8.072417988314127 4.555071898308993 6.46303214695077 1.8724463229197001 5.262171391397092 0.9313875058720109 8.892741829568799 9.500772086287554 6.934703474485508 7.457326941244665 5.688821863424553 3.3539669390923788 5.635614167750015 4.367676554737405 6.908637776676871 5.250028670682796 7.7942930802345245 4.387742365558806 6.208513735168917 5.1826321410935 6.556786608019487 5.984189693112876 8.844409218718926 6.196026477560667 2.8144426500932425 5.7554580514531475 2.075525596687001 9.836668993506695 8.264415561008597 3.50873878292515 6.377162454547596 4.215599328912884 1.4465364208181684 9.98709180917687
8.504073217812278 7.211939514695944 2.9923413560900056 3.9770550504297932 7.6561511803303395 5.809894341559327 5.553372806024086 3.8301155047410425 0 2.634853455251298 3.4234462944839934 6.3072849172395635 10.001252569299506 4.8173399491781925 0.5310647472018897 9.016855667960106 3.8997967821438193 5.70212856947316 3.5334040354238145 8.896628936454649 4.960336113488881 4.317702809289596 8.336368543691382 6.202356390180361 0.4018279200656491 3.3922378112319143 1.511876101535187 2.295384661382296 7.6527756728656104 2.04916748549268 6.802548397647562 8.25675493812022 7.7755968194076805 2.0212451879920668 1.0116546431887907 9.511850935178737 6.594314417598457 5.46566487632296 5.07597813524983 6.715748874394154 7.420144415274724 5.6605853327583056 6.850923106327297 5.1709006770875225 6.176530519930943 6.84670641885285 2.488403153856687 4.493285517602158 3.75275507211939 6.581856585615683 3.702081715864907 4.5215892770836055 2.5218524363176007 3.717160504093492 2.006465690290986 6.008920759040766 6.309481341449431 4.562907421204853 4.4416945588278525 1.83730558392347 4.060938437512013 3.739825717264304 6.636826104284111 0.42102169452149507 5.821962506562129 1.5520692489737566 8.328564090138448 6.11050020931013 7.215657083793275 2.2889118552769068 3.9594432069755463 3.068687531717305 5.8980585316387115 7.435973770146739 3.7969645756493398 7.826035983315932 2.0706778877870313 2.9221778356928714 5.485580714576107 6.718015671750498 5.527741069220739 5.668634813190509 6.728921585811622 2.9452046761663686 3.734433825648446 7.442630240958103 4.9705119080964915 7.234821668045703 6.069122177078134 3.051532469358955 2.594652879512435 3.4806739508051425 5.4475984027804305 7.205097892131479 8.340209001802041 4.059273617444769 8.16595727846815 2.6612300628810104 2.881172555046742 7.285961337799165
5.900587507383835 5.066053213866596 1.2235369582554847 1.3991406858774826 5.459524501905184 5.191452876326598 3.413513955418265 3.642093883378691 2.634853455251298 0 3.1909567568461554 4.946728117580365 7.391868085279757 3.5314216750172793 3.155177392450816 6.423924108215937 1.4184485142633145 3.1186609105177374 1.244574393703444 6.312082722744842 3.0833749411679126 3.373149735051587 6.007391729219864 4.229766851358655 2.3492295958458076 1.3196754347856263 1.4116807178445658 2.682579763054676 5.183183732766091 4.554533183103085 5.400781175957756 5.6221639139242985 5.395860964706639 4.26627978561895 2.922594685120375 6.914689896212744 4.105830217610422 3.4764903094063775 3.2336406987806354 4.120570509493728 5.238279453963052 3.16418469068945 4.561506640114035 2.539831760434016 3.9332336349312107 4.550198909966042 0.2838906186325951 4.586807159157786 2.1809479641731575 4.145275450677421 1.520273471837348 3.890997962161111 3.0492409097264424 1.1837497250366626 0.8448983994609114 3.418549079975818 5.412179697728137 3.5405414869656835 1.8461774544685434 4.440693359896986 4.263723169008824 1.7874723171483435 4.026290147016921 2.740563530331715 5.296744297444004 2.100116344640118 5.72422925426381 3.683116222488581 4.5845053474066795 1.9065281952054334 1.7145764649374764 3.4712723261726706 5.365770502640521 5.888778329651234 3.6020162736200643 5.204138251912753 3.1197919652327113 0.47692116653164224 2.882214580930949 4.558779717895067 3.4257014700086628 3.0364072843802505 4.490921596673933 0.7456871237879787 2.6287212914686116 5.1713720379877 2.9894505192492007 4.6604643927080085 5.248728979544737 2.970735199190703 0.8315779513934676 2.1541897622534263 4.226258009237402 6.204572782293547 5.763486825190569 1.601582498429795 5.682398943450016 0.6078650708264408 3.712808938444038 6.362519141387767
7.093045277961166 8.026623564167013 2.1234322547649076 3.450264200875932 5.2019969455107775 2.3887957396966897 3.389656736316087 6.508900339926838 3.4234462944839934 3.1909567568461554 0 8.137684738716256 9.326914454323791 1.7989986633654071 3.600990234296327 7.494191352743547 3.151758516338565 5.57451533377016 2.7054399737014068 8.451319005371342 6.243436640515747 6.4859256990022525 6.053751683636291 7.321292210709145 3.5388718358942683 2.394644548857347 3.662201592262505 1.14130816277094 5.783789258524939 4.014761857672286 8.5902927681442 7.262261732857189 8.09539481424411 3.3401938449470947 2.64897065502927 8.953003865706618 4.939968168958637 3.0914313342533735 2.6213011565783635 5.469418761192837 8.163541042790838 5.84877044897216 4.674301883391441 4.795899242763532 4.038375077330917 7.402510149410381 3.371358784595514 7.377522375411653 1.7243560584190798 4.783229500960204 2.566674219044838 1.1159543290732208 5.492362651594194 3.2066597852516954 3.526876402576843 4.86492521886346 2.90108540969349 1.378056035214107 3.7777102951172172 4.264350409684307 6.985147114674839 2.2396592944683817 6.225599999788767 3.8262997648711723 8.354234215884881 1.9069741294374591 6.939928238094837 6.433074714206846 6.513417494203416 4.636804469921629 2.725405709728457 6.031503812445182 2.489264775694603 4.270324315237595 0.426232616777078 6.636415773148331 1.64255653188039 3.6550662908081595 4.535149856210092 7.531770245817207 3.309278015345406 5.170851328903019 4.475463773185178 2.6260126990753845 1.114886007126304 8.016797399290759 2.7551498886930297 6.970461671128963 2.652853659301011 0.37308321836937425 3.9294572900510625 1.4233005537800718 7.406877220634801 3.80071736474064 6.789530792618109 4.573619563544327 8.177844833938323 2.6073389264952027 6.038333418261121 3.8689746936682785
7.146579122377174 2.4163509092237896 6.089709948620802 5.176672063953311 8.621859416246261 10.007329151241434 7.222860858582717 2.898048975380997 6.3072849172395635 4.946728117580365 8.137684738716256 0 6.690755791225743 8.188295577445787 6.7475821343871765 7.645449234478136 5.476466580743057 4.110268644249771 5.7325544122966985 5.581845036523506 2.018383336442746 2.013454175872534 8.688979815082414 1.6707742211038707 5.9081573780531835 5.984148145882886 4.953852513126833 7.522251426830523 7.545081845164896 8.25558743244179 0.49539893546540364 6.2549467547641 3.594927516177989 8.328508802075449 7.152021090640286 6.160377423420558 6.7402280511350945 7.5014692769503775 7.5018782030272115 6.098871117514153 2.632303012218774 3.572937568612022 7.711246343037189 4.588909270409309 7.37830792512893 2.849019120820343 4.779075986603428 3.0858657108526173 6.912296206243861 6.973037265918053 5.995073289181007 8.771433088326651 4.146420954634797 5.281310802779848 4.773811682099781 5.77759663686781 10.095399852275088 8.323721309868466 5.179801945779471 7.895532201479219 3.3115882303034936 6.374281945305527 4.6395847300098785 6.058269951576122 1.8974094388739442 6.772053636778041 7.012531130678222 3.271568881926408 5.301183948690302 4.023581482205925 6.020179231286175 3.8182004942812395 10.201948999827692 10.021826448390922 8.547618185371078 6.408313157139588 7.80309422175805 4.4860952401169385 5.437476880872638 2.306933989553888 7.294989005507323 4.725272125976898 7.788045905913162 5.5663521656943935 7.48022514507897 2.972328194277282 7.161501293086971 4.50980787441054 9.980455749625525 7.908511430808985 4.252093651657166 6.996558568825226 0.8688960099915339 10.772569809556073 7.316217633416204 3.791070661067575 4.352177161475804 5.537054356318331 4.344455014136365 10.968062895994002
2.728330912456091 4.275766480548666 7.590808516935389 6.213041799231379 5.688695447588006 9.71363906274071 6.192808600234179 8.655655457847786 10.001252569299506 7.391868085279757 9.326914454323791 6.690755791225743 0 8.053101499152893 10.52973591282133 2.738912822421451 6.417872304749613 4.303632907659661 6.891018365876189 1.1832018072314778 5.933628951807546 7.555391041740463 5.031947914754094 5.176716905925164 9.673552645262896 7.172200572791692 8.575176388423074 9.559025475685303 4.264013875795156 11.943509734885648 6.605915097078282 2.11224400084524 3.0964424220464823 11.60634593259422 10.27698067941827 0.5452359167475813 4.589211624185692 6.586407486889399 6.974895402815522 3.891733271062032 4.068977082658126 4.434670959058341 5.374244683768318 4.866150828729672 5.713512406281679 3.9521164807563363 7.513842541410761 9.321854736130877 7.6080802158749385 4.836993379183681 6.90214755163046 9.14125276173974 9.24983823276877 6.499263340365827 8.0148983314061 4.461994661282779 9.318616729950335 8.47820935133018 5.766778356501666 11.827058647984806 9.344881987758201 7.1462690961333575 3.3663025534715962 10.034315931606237 8.551442938283795 9.314657673477889 2.79230625703094 4.151218530176832 2.861825501264486 8.318817705796402 6.683714829231013 9.28156152413563 9.941886348721036 8.00410992311747 9.542702805134011 2.804026438184563 10.176541532489129 7.079727865903351 4.828432332862742 4.442514448226214 6.296056466563438 4.381640347380145 5.600975592305878 7.323748737592552 8.219479942864972 3.718447033529718 6.711398614553334 2.8017482581673905 9.390118333352197 9.369791784720364 7.475781244598783 7.933371525087998 7.012575348345283 9.471753314118974 3.148404120323278 5.979382229206455 2.3479914260538237 7.55587809451929 9.797456428576185 9.716074806059327
5.604154442476931 7.542689577529204 2.3225346633556856 3.031308894108218 3.4310636229254183 1.8878336827243616 1.867609310815611 7.166668205018098 4.8173399491781925 3.5314216750172793 1.7989986633654071 8.188295577445787 8.053101499152893 0 5.114834777666993 5.945641936225208 2.7207539329010944 4.856712038550215 2.4703181132852268 7.3172575808876825 6.179832876778721 6.861567926921416 4.305023018010451 7.05494195842953 4.815862788758617 2.2587609537551425 4.544984184602372 2.765368632671801 4.1752760425713475 5.757543355464737 8.58743957808835 5.943213125080853 7.35338788464807 5.10820769786975 4.243689871754111 7.744212777767166 3.4881362649771517 1.4900272869892095 1.0784577809256353 4.1690700343961415 7.632741395127679 5.260770211505417 3.0056729050498205 4.0765335558137785 2.437651362336184 6.8348087392343 3.796170146398976 8.103156525961365 1.3505124563880606 3.2754043817811076 2.1968761703113007 1.1133771181845982 6.41055833328438 2.9070148691991378 4.190311126869707 3.6954432762362455 1.9126536178212588 0.4710008404232872 3.1494979821431897 5.95961938464481 7.760681954244956 1.8258565016323813 5.274062883576072 5.171792108663239 8.799075469665397 3.2821653365107073 5.467480512694207 5.841414682840368 5.386106439096301 5.360241566868025 2.175216001902832 6.898398869437338 2.1071339877417614 2.6192726549084746 1.7635799502016105 5.267579428028162 3.3772757970333416 3.884540156166114 3.534256544045264 7.086790025180029 1.7674429707978887 4.313658733055461 2.7885353134581123 2.7903199810073067 1.0860873221269032 7.409579000313394 1.369291338791343 6.022102976621973 1.7938431925137854 2.0848601495310604 4.3629983081978265 1.4447190385300939 7.583910197238992 2.6732961572099163 5.258358553634538 4.4018365415040615 7.277307171019592 2.9514297257457915 7.034246526499274 2.8361276045689183
9.004924786196554 7.72334347937703 3.4328407120837707 4.480770925052101 8.068765735870745 5.960963876471453 5.973225879709291 4.1718517940845325 0.5310647472018897 3.155177392450816 3.600990234296327 6.7475821343871765 10.52973591282133 5.114834777666993 0 9.513704320382548 4.38980435407895 6.231822400930976 4.0066753690799874 9.426900570078823 5.46274839985227 4.743713535269983 8.77186248780251 6.7038532059190885 0.9039771123920152 3.846395940806578 2.034187222550619 2.4599531805406807 8.120182066630706 1.541009385892626 7.242877036371328 8.774399006003101 8.301549652983853 1.6153312806910662 0.978975146089842 10.041441578107957 7.069134064311644 5.862377946308689 5.456061556479637 7.215814835126385 7.933762220329807 6.191557155794661 7.285729001443718 5.693903089895659 6.607709907843244 7.369129327933347 3.0160124398792125 4.762313850846764 4.13141975883829 7.046161313367293 4.159288383104109 4.715242049821578 2.8263833168193213 4.215968894791821 2.537393543819646 6.508808419558642 6.5020615152800705 4.82448088059548 4.946852656145469 1.3063985961028857 4.3268924066218055 4.168517139936432 7.164641530387506 0.6919310335106168 6.158067745797192 1.83712503712919 8.829854192644966 6.639834474951574 7.73886047904618 2.7527366572914023 4.4185571445470835 3.3517432981358555 6.030467624496772 7.7308625903575425 3.9428805537388896 8.334628707964999 2.094564454856864 3.451679093067432 5.990061810857411 7.231757843235039 5.941777931210775 6.191133115740269 7.155050490948338 3.4282196783955365 4.045465540681926 7.962504884948875 5.373898982548193 7.765290610058423 6.252320793293846 3.2288662101180585 3.123588731963203 3.838235634897218 5.88270655542184 7.401700015748309 8.832720699963833 4.590335270415493 8.696094184354891 3.147801776819564 3.088191655275909 7.466792663317754
0.5478160870609008 5.48507229149503 6.1838811367451765 5.042657026011861 3.0596733272903665 7.38345911257674 4.11982130452179 8.78389309760511 9.016855667960106 6.423924108215937 7.494191352743547 7.645449234478136 2.738912822421451 5.945641936225208 9.513704320382548 0 5.125671157496917 3.932023315319234 5.534306580827737 2.8115107205487706 6.208467442573972 7.809883385291753 2.31676043793404 5.975081994192565 8.764842340652985 5.746214844324079 7.798692382663147 7.997365392049943 1.7903263185345766 10.745121506423109 7.736062083561933 1.4177828553017653 4.439328136048259 10.277195341524056 9.030845895549726 2.763224577056297 2.568999403621059 4.464275116249509 4.915940943697529 2.3039687057067697 5.367092701287037 4.354200284154985 2.9861745244148015 4.05397305815842 3.5084574693098114 4.845850887529868 6.630684966631625 9.62361375421302 5.879917226888049 2.7111223268139124 5.436057589828382 7.058700961217902 8.978589368316397 5.299721542420032 7.208040541787407 3.009277008845735 6.893610875339388 6.407582201125589 4.582018239908413 10.737916826764636 9.521468534296275 5.556818926566763 3.093588679817672 9.16100947739026 9.287489478980698 7.9782050521996135 0.7199535167199114 4.435742122216248 2.3776197287818026 7.873445885168323 5.180578504748518 9.172481520945396 7.6038532359045705 5.3911057555818624 7.6178321034142025 1.326645269366383 8.659193743399992 6.269914741326012 3.5417201047023155 5.390132792709392 4.209246679877419 3.594441917798372 3.2176705812469986 6.090741740864539 6.391297885067166 4.972183331042366 4.740448638383736 3.144130743505993 7.006785496622668 7.626514588050141 6.8049561951782875 6.230754983567586 7.659100148131205 6.920422705087551 0.7077718005717903 5.446077070917087 3.7769211919029284 6.367504002298871 9.613625880720075 7.162620841776886
4.622954743844989 4.933838418711643 1.175674143287901 0.318320164308272 4.056657519696004 4.578145453455201 2.0647977262807693 4.8155345334249695 3.8997967821438193 1.4184485142633145 3.151758516338565 5.476466580743057 6.417872304749613 2.7207539329010944 4.38980435407895 5.125671157496917 0 2.426142159260482 0.4777550328916784 5.435046889536917 3.4626098100364926 4.299463360540843 4.588944827023636 4.354306550129936 3.672181949781699 0.7797362616636642 2.8254767917014147 3.1556008865710616 3.7847517580077175 5.646070837743994 5.868627409265609 4.48650847778786 4.943689898835066 5.232252037791967 3.937526143115398 5.988251449564373 2.712122677019282 2.204468695232841 2.0791617962657627 2.835431373804476 5.052818524654439 2.705817547719292 3.147672156284507 1.659392451765942 2.5331616644064288 4.275230067872408 1.6833451101218269 5.771196652244992 1.542616562642845 2.7340614088515975 0.5951452483184133 3.4442704719362527 4.415485929208416 0.2562216817033415 2.262968997345505 2.130569699987928 4.620636198361704 2.907903587257945 0.657951772130782 5.615890407233897 5.495026411057041 0.9688088483726208 3.146443864523266 4.073903436166527 6.227978324639928 2.920478984674002 4.4490411570768496 3.2934628281955924 3.556078120221615 3.249741520904766 0.5455882088513921 4.7927266258790375 4.785125023894357 4.7241078638223035 3.479536733224813 3.9814872634915397 3.760028698233361 1.4980439963417007 1.638007158622721 4.453760343342067 2.095020898933238 2.0798554335255313 3.0863708007458803 0.9658801163697857 2.189922287262123 4.882182946606859 1.7679845785969353 3.8711746733697914 4.514414213223644 3.088687166342917 2.091438714431195 1.751972316413288 4.907762303742469 5.3049950189083255 4.442916506204012 1.6854619149017975 5.046284925607106 1.242155654125204 5.084280484215433 5.495432615176169
3.3866755921024434 2.7367243467605813 3.5571864433545675 2.1427618639802155 4.52170303073145 6.7397526336145654 3.3970812214258954 4.851923684783824 5.70212856947316 3.1186609105177374 5.57451533377016 4.110268644249771 4.303632907659661 4.856712038550215 6.231822400930976 3.932023315319234 2.426142159260482 0 2.8897793367273823 3.1973270087465138 2.348224283403585 3.893211539088704 4.589997328294474 2.5534066006920795 5.370381611495637 3.200134779950401 4.273213182544748 5.522730462111337 3.4583870392552507 7.669734035763369 4.353095109420888 2.7726551392733914 2.5318975031507085 7.37774966659464 6.036078209856288 3.8097370787935767 2.634145285159488 3.751118340859915 3.910852464246684 2.009366506085528 2.797757186871277 0.5394419155128681 3.631159022112363 0.7911923711014961 3.387060462465651 1.9968417785843275 3.219364580370027 5.698549012615815 3.91041983751726 2.8769919564675446 3.007983869933362 5.757730405512912 5.130457378582247 2.412493272659154 3.7113046875663303 1.6840566616250385 6.619721583753679 5.154805036154856 1.8014533451216186 7.533074269242862 5.589453195544057 3.3508009111190784 0.9663436522672482 5.730886112990695 5.503075269291428 5.1371130304748 3.222096931932925 1.0243625470586457 1.6521919808963745 4.096442929790179 2.868590816815448 5.273529519160366 6.962062110978725 6.127389831973151 5.889048533073695 2.6055729650887893 6.0819238300616085 2.7801568017325415 1.4518380821126466 2.333560315993956 3.4891051303360205 0.6424863476035462 3.7312945191625024 3.180799244525398 4.569305200883427 2.5541902296507026 3.561759939765637 1.5418035305623212 6.576783140600672 5.513287360927459 3.1781031361026018 4.161649083499972 3.899229936602724 7.134132667245681 3.4332791917141523 1.6859744535329633 2.6329187191720926 3.3705894602596467 5.7399934232851795 7.356776888015072
5.042367113545201 5.338782972060197 0.6998781035761958 0.7486834558398711 4.249809131887204 4.276641325654718 2.177588504857528 4.826177683086257 3.5334040354238145 1.244574393703444 2.7054399737014068 5.7325544122966985 6.891018365876189 2.4703181132852268 4.0066753690799874 5.534306580827737 0.4777550328916784 2.8897793367273823 0 5.912570342370467 3.7384910875685504 4.415166755328522 4.849389314231093 4.703675157422769 3.3364041081865663 0.3117362505051641 2.5892170784106345 2.6780538903025635 4.119532070967315 5.215074918449441 6.144493551793966 4.944473569337213 5.395834964765271 4.780854639393355 3.501969036019558 6.464218645370537 3.062713990968011 2.2323502690644363 2.009172522574409 3.262268678643136 5.467556426503463 3.1434746589331377 3.378152277422828 2.131847537723159 2.727422210015217 4.6998686965652805 1.5279642371262707 5.7794442000687996 1.186239005583924 3.0503282469154227 0.2900447326561643 3.082462687616973 4.29378991176223 0.5047972164766414 2.067065708691528 2.563847052812084 4.382950672256006 2.593387808430683 1.1356997229391865 5.20571673000329 5.475716472291132 0.6447851501873096 3.6239765629074 3.7395092331576913 6.35388739337889 2.467735668277903 4.870130269475164 3.7276798123294435 4.029295386268147 3.147740318795741 0.47391409691242276 4.710915315863442 4.47481953777533 4.675053718742587 3.0493132006605905 4.422094531569467 3.285592851783408 1.4738624528313797 2.0925510663754885 4.850630213921089 2.185056563993668 2.557489746683056 3.287775658088059 0.6016184699000334 1.8005531324053914 5.312434581961435 1.7486998921176418 4.347178300385105 4.254169466853689 2.6243709474190253 2.026489006523762 1.3370422145836263 5.113839937973963 5.116172725735981 4.8429022058497795 1.972925089068913 5.515983026970374 0.8873691777084837 4.956861071848477 5.293387242164927
2.5688027420559227 3.184397507974349 6.6100465297306235 5.204635501002421 5.386131624212544 9.06860843471603 5.498617098540663 7.473730107615726 8.896628936454649 6.312082722744842 8.451319005371342 5.581845036523506 1.1832018072314778 7.3172575808876825 9.426900570078823 2.8115107205487706 5.435046889536917 3.1973270087465138 5.912570342370467 0 4.7509251706621125 6.37538876159176 4.883535475064627 4.025158582665628 8.558948391769135 6.206139609780412 7.44924601433757 8.590619840478894 3.9214910072450477 10.865753319573294 5.533920949194624 1.637559427542895 2.0021100498269524 10.558493614901282 9.22066711754733 0.6429645530252615 3.9724535985923235 5.900082352595951 6.24520043541738 3.1779169064113644 2.996015539633397 3.2804618000700847 4.892349469824873 3.8237321259558836 5.107613261975176 2.7934758338443393 6.416546430317234 8.148309529547294 6.727290222346988 4.248146800579265 5.9547257887076945 8.372435854082585 8.072590048730715 5.489899876305237 6.898820834803672 3.633207900068401 8.743075405820848 7.715962750044111 4.777335112756493 10.729442549463737 8.165276331064009 6.23045200636195 2.304434956387631 8.911921205450456 7.419619262765515 8.288790241774112 2.5561716394164846 2.9720536149045302 1.9450516702405982 7.156492200361462 5.75381186414512 8.09913451597398 9.298538073116799 7.61884143902438 8.699419399376216 2.30532056223345 9.188360624979612 5.976056281940952 3.9161830981046175 3.3011943369637393 5.604042260494761 3.360736756992661 5.1035825513152675 6.303217976200857 7.361540844198895 2.6228436233451915 5.951259357629489 1.6628068614250942 8.784400495684155 8.46166330241469 6.345493788183671 7.036399416612573 5.859422759664413 8.998003552577742 2.957747074374986 4.850724506729518 1.237727762049922 6.5202548288863476 8.616166560992584 9.241008678974978
5.6731927813798535 2.2841030565781617 4.148156252610748 3.1601052077645284 6.737371603602488 8.014325139710955 5.225301817318678 2.7248165912347475 4.960336113488881 3.0833749411679126 6.243436640515747 2.018383336442746 5.933628951807546 6.179832876778721 5.46274839985227 6.208467442573972 3.4626098100364926 2.348224283403585 3.7384910875685504 4.7509251706621125 0 1.6455001373582174 6.901972508120716 1.2420782581118093 4.563903916777275 4.002892350254692 3.4683911527676528 5.7492889495522 5.788782185656915 7.003305313854914 2.408130837074931 4.922386489985406 3.0847881545074745 6.931541338839245 5.648584906567121 5.3900228386167255 4.888051954834376 5.492536081696011 5.4840500946448065 4.346568810857126 2.5083055466360378 1.863429535816986 5.805547553811171 2.6616414260872876 5.421055823395844 2.1023202645898036 2.969283085628178 3.4588296811874177 4.923713089625398 5.0960974522505795 3.9931607865758623 6.804129038851295 3.432586045538134 3.2744574194552976 3.121617429398271 3.9172490745075557 8.083212262211898 6.331641380915902 3.166799410285662 6.726500920636476 3.429099207811732 4.375319060729182 3.1162628939149504 4.815841654290397 3.15926483426754 5.076223403021587 5.517463287499123 1.8447501690337145 3.839411640636154 2.768151137421458 4.007460561248092 3.377178073708191 8.213307392863024 8.021817963722896 6.640797606615783 4.8961761157252965 6.120156585110958 2.6071686003063532 3.515912350151859 1.8187334296459086 5.293911519954214 2.8911444294802617 5.861341790426274 3.6287450706058877 5.512090661630154 2.6124145482690726 5.144578436638929 3.275307188199636 7.97340541422343 6.046435292993469 2.5274225830932893 5.031149913955678 1.584575630942046 8.754405068080699 5.759902428117595 1.7780670251788562 3.6829944914998354 3.639439506149502 3.91079791500787 8.950564581140892
