24
5
0
6 1 8 11 19 20 22
7 2 5 6 7 10 21 23
3 3 4 9
4 13 15 16 18
4 12 14 17 24
0 2.5191588923316797 4.347637209835607 4.274187637306743 3.5047881112620214 2.9970555034529367 2.2057352949259195 1.4498674830743665 4.230992942111319 4.26329376570661 1.362338694542951 4.09390662545018 2.664062127788279 3.6199070889992204 1.8756546424718192 1.3806241907890306 3.629607218488597 1.3048237077066178 2.306202894910668 0.568856327031278 3.042990533054319 1.26404196542583 3.162098397383561 4.318790033307604
2.5191588923316797 0 1.9450917099417366 2.2442964516514174 0.9857309116732077 1.93570702467165 0.7221762356895703 1.283576483275172 1.8192646625674482 1.7644413795867095 2.3279914865534233 3.116133987838815 2.7798308180077123 3.261128466004163 2.7925585836100306 3.6404741849017364 3.307227049079917 2.5965682659259692 2.2775656642153868 2.0302861251457482 0.661074674255564 2.653807343064136 1.149122869881954 3.3321894747003316
4.347637209835607 1.9450917099417366 0 0.9869312971834843 1.1375375842528426 3.410723658855074 2.595104822517783 3.22813914604515 0.12722843685614216 1.2140775042603318 4.267527158808768 2.758430881772324 3.4860563959831734 3.4062688385373936 3.968921468159338 5.253659966842709 3.4646291708786494 4.022100306009679 4.072638344285322 3.803301773499999 1.3198934395424275 4.598428025082207 2.3056129402918164 2.8796186854942585
4.274187637306743 2.2442964516514174 0.9869312971834843 0 1.8042023783113221 4.029079458081842 2.965058206029918 3.430043880645693 1.0218434059536288 2.1579589678666795 4.501834899586872 1.8116011454906134 2.8225820082818265 2.548006572944433 3.4761472867174312 4.946886863070177 2.606333002805188 3.6609898847239166 4.51802556424656 3.706032484297633 1.5989046523482655 4.788681634300562 2.9726779435927377 1.9117079862416269
3.5047881112620214 0.9857309116732077 1.1375375842528426 1.8042023783113221 0 2.2841717069481366 1.5155099409012482 2.2230460634538622 1.0143626542662865 0.8284805338082825 3.2108983239480193 3.2097814346377733 3.368685350645055 3.608012924383268 3.5869746052104223 4.595091316592616 3.6620072378755992 3.4821913709339425 2.941839669949452 3.0089834856257562 0.651903389324571 3.559389875069649 1.1894647420534867 3.3902440666675515
2.9970555034529367 1.93570702467165 3.410723658855074 4.029079458081842 2.2841717069481366 0 1.3319449911111954 1.686149406583573 3.291604690215008 2.5077038741557973 1.8733050972685674 5.048973331784954 4.4871940550844895 5.121655127889241 4.201791953228774 4.375237487629381 5.162593337381961 3.796211258930536 1.0130947715233238 2.8254997938890143 2.4699964989386647 2.223711477734778 1.107352472281729 5.26679245102981
2.2057352949259195 0.7221762356895703 2.595104822517783 2.965058206029918 1.5155099409012482 1.3319449911111954 0 0.7754284815855286 2.4678771876377508 2.142784649207528 1.6958168994587517 3.7545927813614863 3.1709948712834364 3.790311114824548 2.975004748216209 3.484325110283732 3.830929654185563 2.6475591438588104 1.5554469564137994 1.832309022346197 1.3719899967619429 2.0481600602345162 0.9703569077592327 3.9777944183142115
1.4498674830743665 1.283576483275172 3.22813914604515 3.430043880645693 2.2230460634538622 1.686149406583573 0.7754284815855286 0 3.102567228101632 2.905084113321089 1.071811286380073 3.870390033136206 2.947604212248761 3.7198712699051315 2.5398503929812195 2.7755416939569924 3.751061684637054 2.1114807354746463 1.3867882713980848 1.1560600768735727 1.9240943108636064 1.3756265703400543 1.7138357189007232 4.102142248506643
4.230992942111319 1.8192646625674482 0.12722843685614216 1.0218434059536288 1.0143626542662865 3.291604690215008 2.4678771876377508 3.102567228101632 0 1.14541123792775 4.140804277589186 2.7596142738941145 3.4261438239233177 3.3804004840563198 3.886208225670193 5.150891847982138 3.4385552699352786 3.9263402338380353 3.946810845071499 3.6889005297765505 1.1980513217768265 4.472251954682041 2.1878439647277856 2.889628482012756
4.26329376570661 1.7644413795867095 1.2140775042603318 2.1579589678666795 0.8284805338082825 2.5077038741557973 2.142784649207528 2.905084113321089 1.14541123792775 0 3.8044704702674847 3.8079470374581863 4.1598367548219795 4.313924018134101 4.413528965355263 5.402099928495381 4.370054674436607 4.308337948471601 3.352610240409877 3.792465882219499 1.468409439725571 4.169529905755187 1.4499305344224909 3.9619884142383173
1.362338694542951 2.3279914865534233 4.267527158808768 4.501834899586872 3.2108983239480193 1.8733050972685674 1.6958168994587517 1.071811286380073 4.140804277589186 3.8044704702674847 0 4.840752458175476 3.70186710600071 4.573880440101058 3.0789475133353186 2.692345722590063 4.596890837419137 2.541109423922514 0.992812730428259 1.5066708909865032 2.9818130174573545 0.37344855019423984 2.4374725331406757 5.0734662453078405
4.09390662545018 3.116133987838815 2.758430881772324 1.8116011454906134 3.2097814346377733 5.048973331784954 3.7545927813614863 3.870390033136206 2.7596142738941145 3.8079470374581863 4.840752458175476 0 1.6784420832318165 0.9109585206176827 2.588895814444634 4.239015673915374 0.9597989661650549 3.0202421187890214 5.211763883481472 3.5738456360364568 2.694051587838132 5.0196980820082 4.177293396571144 0.23272706239355237
2.664062127788279 2.7798308180077123 3.4860563959831734 2.8225820082818265 3.368685350645055 4.4871940550844895 3.1709948712834364 2.947604212248761 3.4261438239233177 4.1598367548219795 3.70186710600071 1.6784420832318165 0 0.9766265069892098 0.9281193226576403 2.574680060149389 0.9773059368712812 1.4305621211347985 4.3276734087026885 2.2399263563129583 2.7193347952011253 3.784386107984207 3.9243170142131074 1.8625373146606106
3.6199070889992204 3.261128466004163 3.4062688385373936 2.548006572944433 3.608012924383268 5.121655127889241 3.790311114824548 3.7198712699051315 3.3804004840563198 4.313924018134101 4.573880440101058 0.9109585206176827 0.9766265069892098 0 1.893831893655847 3.521430512686861 0.0585402962734113 2.4070349039675927 5.104755934030847 3.163284408898769 3.0044856775018047 4.691110206098769 4.397050176130519 1.0199980274685911
1.8756546424718192 2.7925585836100306 3.968921468159338 3.4761472867174312 3.5869746052104223 4.201791953228774 2.975004748216209 2.5398503929812195 3.886208225670193 4.413528965355263 3.0789475133353186 2.588895814444634 0.9281193226576403 1.893831893655847 0 1.6508153060669217 1.8875579714140474 0.571714541735239 3.8458969659584437 1.5726206328071444 2.9480183741981474 3.0902658127980356 3.8628425984527346 2.7824557036383584
1.3806241907890306 3.6404741849017364 5.253659966842709 4.946886863070177 4.595091316592616 4.375237487629381 3.484325110283732 2.7755416939569924 5.150891847982138 5.402099928495381 2.692345722590063 4.239015673915374 2.574680060149389 3.521430512686861 1.6508153060669217 0 3.50856815782601 1.29190591089819 3.66764134184498 1.6532910247191326 4.036588863714667 2.5021478034746694 4.454587898144519 4.433208300859983
3.629607218488597 3.307227049079917 3.4646291708786494 2.606333002805188 3.6620072378755992 5.162593337381961 3.830929654185563 3.751061684637054 3.4385552699352786 4.370054674436607 4.596890837419137 0.9597989661650549 0.9773059368712812 0.0585402962734113 1.8875579714140474 3.50856815782601 0 2.40747256381028 5.13667722554147 3.1787696459208235 3.056670757415857 4.709937250289916 4.444698500607054 1.0610000648327946
1.3048237077066178 2.5965682659259692 4.022100306009679 3.6609898847239166 3.4821913709339425 3.796211258930536 2.6475591438588104 2.1114807354746463 3.9263402338380353 4.308337948471601 2.541109423922514 3.0202421187890214 1.4305621211347985 2.4070349039675927 0.571714541735239 1.29190591089819 2.40747256381028 0 3.354269225926082 1.0475911697220521 2.875815090205461 2.5313935175105415 3.5839606042084164 3.2285750210106783
2.306202894910668 2.2775656642153868 4.072638344285322 4.51802556424656 2.941839669949452 1.0130947715233238 1.5554469564137994 1.3867882713980848 3.946810845071499 3.352610240409877 0.992812730428259 5.211763883481472 4.3276734087026885 5.104755934030847 3.8458969659584437 3.66764134184498 5.13667722554147 3.354269225926082 0 2.3107969899158864 2.920557574134214 1.290288416887703 1.9032460924213188 5.441177397019352
0.568856327031278 2.0302861251457482 3.803301773499999 3.706032484297633 3.0089834856257562 2.8254997938890143 1.832309022346197 1.1560600768735727 3.6889005297765505 3.792465882219499 1.5066708909865032 3.5738456360364568 2.2399263563129583 3.163284408898769 1.5726206328071444 1.6532910247191326 3.1787696459208235 1.0475911697220521 2.3107969899158864 0 2.5116128829701063 1.5468110530367256 2.8026345662977796 3.8018913716450338
3.042990533054319 0.661074674255564 1.3198934395424275 1.5989046523482655 0.651903389324571 2.4699964989386647 1.3719899967619429 1.9240943108636064 1.1980513217768265 1.468409439725571 2.9818130174573545 2.694051587838132 2.7193347952011253 3.0044856775018047 2.9480183741981474 4.036588863714667 3.056670757415857 2.875815090205461 2.920557574134214 2.5116128829701063 0 3.299501794741606 1.4940733034051032 2.8926790655708854
1.26404196542583 2.653807343064136 4.598428025082207 4.788681634300562 3.559389875069649 2.223711477734778 2.0481600602345162 1.3756265703400543 4.472251954682041 4.169529905755187 0.37344855019423984 5.0196980820082 3.784386107984207 4.691110206098769 3.0902658127980356 2.5021478034746694 4.709937250289916 2.5313935175105415 1.290288416887703 1.5468110530367256 3.299501794741606 0 2.8102666789171304 5.251758483665359
3.162098397383561 1.149122869881954 2.3056129402918164 2.9726779435927377 1.1894647420534867 1.107352472281729 0.9703569077592327 1.7138357189007232 2.1878439647277856 1.4499305344224909 2.4374725331406757 4.177293396571144 3.9243170142131074 4.397050176130519 3.8628425984527346 4.454587898144519 4.444698500607054 3.5839606042084164 1.9032460924213188 2.8026345662977796 1.4940733034051032 2.8102666789171304 0 4.381142691635057
4.318790033307604 3.3321894747003316 2.8796186854942585 1.9117079862416269 3.3902440666675515 5.26679245102981 3.9777944183142115 4.102142248506643 2.889628482012756 3.9619884142383173 5.0734662453078405 0.23272706239355237 1.8625373146606106 1.0199980274685911 2.7824557036383584 4.433208300859983 1.0610000648327946 3.2285750210106783 5.441177397019352 3.8018913716450338 2.8926790655708854 5.251758483665359 4.381142691635057 0
